0 0.5278821614640382 0.8264948799862679 0.1311018131101813 0.11018131101813122
0 0.5722323151963729 0.7401618452124804 0.13198131712179786 0.07810320781032092
0 0.6750812420419543 0.6367069143643872 0.17831931759827863 0.09148885218179986
0 0.7261686924706641 0.5680426311067225 0.14723805214144942 0.08926080892608121
0 0.8039807138726214 0.4859059474601951 0.14907130778288782 0.10602060689499522
0 0.6515523940808547 0.5048772122500585 0.09623430962343087 0.07531380753138085
0 0.9108118016862911 0.27975070318922635 0.20620857960612252 0.11039848685409188
0 0.6214576535276048 0.0754448800694042 0.16178521617852154 0.10042641139170704
0 0.6604337234314781 0.24220715576862387 0.10310477350566594 0.060712498174587425
0 0.17487698862967996 0.3634869774178848 0.24648544889915971 0.08926080892608092
0 0.03177735412865989 0.10214360315733549 0.06355470825731979 0.10041841004184135
0 0.46506035783139643 0.040756711456923674 0.04868932861513232 0.051603905160390665
0 0.9666576009935413 0.11735997878187275 0.09031870436399632 0.07252440725244091
0 0.9159384235534541 0.7216094544810064 0.16549144853805722 0.11297071129707137
0 0.8344572154919275 0.8111897573229083 0.1520223152022313 0.08536962856763325
0 0.7829656054096082 0.8825685015402491 0.15620641562064116 0.08089260808926119
0 0.6109176272044745 0.9863338287130913 0.07587066507665417 0.0516039051603906
0 0.968422298366799 0.6506805656576253 0.10460251046025099 0.08368200836820111
0 0.6691380989603742 0.029716124819787804 0.10794407915254939 0.05943224963957569
0 0.9687197485448453 0.2397099503989336 0.10181311018131091 0.07112970711297083
0 0.8503169449087319 0.25272416596112757 0.09065550906555081 0.05997210599721077
0 0.9361821117924307 0.5923089756229508 0.09262928753335588 0.051009073677924135
0 0.5074739717364543 0.6692006925524006 0.07561391954396986 0.06973500697350078
