0 0.682762 0.542672 0.143734 0.069735
0 0.483061 0.717072 0.167422 0.127647
0 0.610757 0.492155 0.117458 0.069964
0 0.514396 0.418115 0.104031 0.080171
0 0.476832 0.494875 0.103455 0.064156
0 0.847840 0.668459 0.249361 0.096732
0 0.918567 0.598828 0.150628 0.132497
0 0.668710 0.091712 0.088065 0.054393
0 0.597790 0.252763 0.104603 0.080893
0 0.584780 0.253313 0.080893 0.075314
0 0.693589 0.910208 0.139032 0.073919
0 0.378319 0.860790 0.139387 0.087866
0 0.434809 0.466088 0.153006 0.069883
0 0.511032 0.174785 0.079829 0.078103
0 0.524414 0.089149 0.083682 0.073919
0 0.372317 0.215343 0.114365 0.100943
0 0.333907 0.307830 0.114489 0.110112
0 0.357862 0.632854 0.144853 0.111576
0 0.326025 0.693723 0.100418 0.195258
0 0.181136 0.390075 0.139470 0.107392
0 0.204137 0.660889 0.129707 0.101813
0 0.163116 0.623165 0.187795 0.119944
0 0.271409 0.964714 0.119944 0.096234
0 0.296149 0.047378 0.126361 0.075784
0 0.935336 0.997574 0.196435 0.068340
0 0.705713 1.000000 0.059985 0.073919
0 0.131846 0.988621 0.188285 0.148787
0 0.044323 0.359912 0.064655 0.139470
0 0.562762 0.029986 0.071130 0.059972
0 0.475882 0.275710 0.066946 0.041473
0 0.165298 0.200974 0.183189 0.053523
0 0.227721 0.106358 0.154812 0.099024
