0 0.35416003305117694 0.16457624865349377 0.15341701534170119 0.1031695451566442
0 0.9019646331637803 0.07529150345004833 0.13110181311018124 0.09109599400447306
0 0.9209166768659827 0.09044784824352511 0.0627615062761507 0.08089260808926092
0 0.28641639543859054 0.229013893048689 0.1799163179916315 0.11517920329649706
0 0.45551549828357346 0.07006821271913834 0.24190394347950236 0.09902370990237092
0 0.12971188969119596 0.1260280806776765 0.12539253572824235 0.10087186856091232
0 0.12064156206415615 0.03974895397489541 0.11297071129707119 0.07949790794979081
0 0.14494297469236594 0.39007511574039805 0.1807622825813926 0.09778148581084886
0 0.21396216524925593 0.30673086416939704 0.1991735791299338 0.10232323764061999
0 0.1183303660382889 0.9298656726918374 0.12558512918351908 0.07949790794979071
0 0.521754692254798 0.17155237862015213 0.08199255870483987 0.09419875003698765
0 0.9714400852840553 0.9097375682630354 0.08531252311829213 0.13389121338912163
0 0.07926324509749953 0.5144025885882606 0.04801644924184211 0.09581520791079572
0 0.1702738245304946 0.5938321046995114 0.06136234261687901 0.1067518616764141
