0 0.7038540688397587 0.48815836149077774 0.13389121338912116 0.11295662708310818
0 0.6612648429597673 0.5904218759066262 0.1261208730655934 0.09556007971924994
0 0.6379611747843347 0.6906072490469815 0.14089772560545322 0.10695448754856829
0 0.6154190927630787 0.8466532348404475 0.15035996745011082 0.2119694568004639
0 0.11961203895899908 0.31258341101559367 0.14923291492329138 0.09367515507836453
0 0.09028499898626886 0.41005804596060275 0.132236059554769 0.08926080892608093
0 0.8383278097884022 0.8702050753824865 0.13249651324965123 0.11217682540255787
0 0.9445590034071084 0.568694967293172 0.12327247972328519 0.1087866108786612
0 0.8268361636443059 0.5377328077151821 0.12552301255230117 0.09902370990237111
0 0.5736702658008868 0.7565029695495045 0.05840812376811037 0.47656081354244356
0 0.3518618903256183 0.46758478952205496 0.15728008135400426 0.10020242465720706
0 0.19062623185745417 0.8759756496575157 0.19438958191148875 0.11409861259640917
0 0.75108611612072 0.3534770916502606 0.1464435146443511 0.1530379167387501
0 0.9516262408904868 0.46406689775798077 0.07391910739191077 0.1073919107391913
0 0.8256167368550519 0.10980888691249711 0.055810959854929794 0.10887443259158867
0 0.9279354844683882 0.6756058708592103 0.12942733653047486 0.11322294534587538
0 0.9565969395171531 0.9138789864131986 0.07913614607832872 0.11237698709989895
0 0.3349968333772955 0.5901190995497878 0.1255230125523012 0.108547159459852
0 0.45123115615059867 0.5308676436500932 0.04986278186448576 0.10076483319827606
0 0.08797813498486833 0.6268770693038032 0.11731971464267014 0.10415996740648907
0 0.07271496606640233 0.5127080735937543 0.09930476117043675 0.08228730822873091
0 0.17503486750348674 0.02580195258019526 0.0906555090655509 0.05160390516039052
0 0.3486284431778903 0.8243524017940929 0.0599721059972106 0.08926080892608096
0 0.23172751498931773 0.764602906212579 0.1748938549316193 0.05020193749693027
0 0.20527428392014613 0.8035036261483536 0.1989135009713761 0.04330000730691339
0 0.31444060289605935 0.932271651618108 0.06694560669456064 0.08786610878661114
0 0.86568483071852 0.754398950279448 0.21448553412635266 0.0990237099023711
0 0.808257250097658 0.95016484879461 0.0714895142196329 0.05718270571827017
0 0.10808926080892607 0.23570432357043233 0.05439330543933053 0.05299860529986056
0 0.24198047419804739 0.22873082287308233 0.05439330543933056 0.05020920502092053
