0 0.17758729801340928 0.8171589234878399 0.11725342945918311 0.18703666061210572
0 0.945187250194194 0.8941913859516242 0.09902370990237089 0.1562064156206416
0 0.592747559274756 0.7803347280334728 0.05578800557880065 0.11018131101813111
0 0.21257560694619165 0.04532775453277547 0.20641562064156185 0.09065550906555096
0 0.41457051315108956 0.34400826709386156 0.18967921896792178 0.09483960948396099
0 0.5965486774481217 0.4752108200645695 0.21338912133891216 0.07112970711297077
0 0.9338053856882301 0.2821585666773949 0.11157601115760113 0.13389121338912147
0 0.19534835680961224 0.12113277489966492 0.2189679218967919 0.09065550906555099
0 0.09262415929630823 0.30408183253052445 0.08601172573984334 0.12412831241283166
0 0.5371386069187342 0.6073903583340912 0.09902370990237089 0.16736401673640175
0 0.3437935843793582 0.882845188284519 0.10460251046025099 0.07252440725244104
0 0.7721019912869531 0.47485867803743376 0.05299860529986058 0.11854951185495144
0 0.7858072198759884 0.2768760021532939 0.1324965132496512 0.12412831241283152
0 0.9327305086528238 0.08697094156185642 0.07391910739191056 0.12954391474520843
0 0.8369073364381439 0.16942817161472243 0.08806792059511642 0.08734896744137449
0 0.5774193515861555 0.3713871630209804 0.09623430962343074 0.09092173901773562
0 0.021617852161785203 0.7733612273361227 0.043235704323570406 0.08786610878661089
0 0.8435293225862321 0.6145354184763743 0.14433369781633915 0.13250689365614496
0 0.4951185495118552 0.9414225941422595 0.14783821478382184 0.11157601115760113
0 0.595536959553696 0.04393305439330544 0.13668061366806128 0.08507670850767086
0 0.06485355648535565 0.6227336122733612 0.1297071129707113 0.12412831241283129
0 0.7763093395598595 0.8112044065627508 0.14086471408647117 0.11994421199442147
0 0.3022070650339521 0.3790304371927299 0.09344490934449085 0.20502092050209264
0 0.4153967606720401 0.4592583502609536 0.13249651324965114 0.12970711297071152
0 0.1273057497653949 0.16180217500080235 0.20920502092050178 0.037656903765690454
0 0.7545327754532777 0.02998605299860536 0.15341701534170188 0.046025104602510455
