0 0.9497162513958354 0.0901503144059753 0.12401687111728768 0.17877974683440034
0 0.8537949851422492 0.2282834817704515 0.16736401673640167 0.1129707112970712
0 0.28922358615694066 0.61683067256917 0.20254535581463448 0.09258250251942238
0 0.39485681497178604 0.6844341184638941 0.2999123713619414 0.10041841004184145
0 0.6153815155573206 0.6355068196409006 0.19804741980474183 0.11297071129707142
0 0.21568887921641136 0.9809807888692379 0.17331274029214433 0.12912138224317588
0 0.19096822814905884 0.5871619709068644 0.18818280165634726 0.08928114228104236
0 0.16685963331664178 0.5268539278222981 0.23126788982496915 0.08337692753011844
0 0.9013865543826977 0.7893906839643638 0.18762590695595424 0.10531235928326002
0 0.5701196720318622 0.8986547511071546 0.11836452414472984 0.09902370990237146
0 0.5870405544676807 0.356242591587202 0.14644351464435146 0.11596994226274208
0 0.18626360797829328 0.21238904178448326 0.13528591352859087 0.05857740585774066
0 0.09538705092073166 0.6919803478231269 0.1316557574774834 0.061024208550046755
0 0.6670875410756326 0.7295029514828054 0.1639480932127543 0.18885099124799165
0 0.5952413841267551 0.1259411875006719 0.12412831241283144 0.08507670850767092
0 0.42990093692198095 0.8077400701549529 0.2933916413700914 0.12485894852588451
0 0.7791248849274871 0.40279157381464636 0.0808926080892607 0.14504881450488172
0 0.982418132923944 0.43020854320477353 0.09194448171716842 0.14783821478382186
0 0.7071085728217595 0.8899182089094063 0.12273361227336119 0.12133891213389152
0 0.0892172894272396 0.42480232237005566 0.1324965132496512 0.08647140864714094
0 0.18368742091571563 0.060123620460209116 0.1344405654621692 0.11409180148641138
0 0.4156196461344972 0.2100201320498641 0.12691771269177113 0.11988590807261917
0 0.9590543725709051 0.6396145573086579 0.18549511854951142 0.09483960948396125
