0 0.5789770711198267 0.7758740412646813 0.26672056032930147 0.1626937643424357
0 0.7136563081498413 0.8695476432262178 0.2663830894503635 0.15493596338526172
0 0.4614607411283304 0.3494764024710345 0.11568704324769216 0.10739191073919137
0 0.4394224521512102 0.4807544803487786 0.17017671699527548 0.10460251046025093
0 0.1843955772200987 0.7800658342398502 0.17652279593364242 0.12412831241283157
0 0.5362197841296595 0.8359918694140938 0.22726087259996908 0.08614262590585514
0 0.3005020920502093 0.5171827057182703 0.13026499302649883 0.05718270571827068
0 0.3434432224944034 0.5980536125395467 0.20036003922168305 0.07648248963913902
0 0.6600467517144051 0.12605873562676437 0.21645825428704174 0.13361349357872462
0 0.7618285501954318 0.052998605299860516 0.1709116288431982 0.10599721059972128
0 0.12076787026896707 0.254776286524739 0.11959588671120819 0.10739191073919153
0 0.49659939333973036 0.25994264600278666 0.11315437676163373 0.06555090655509081
0 0.34975938346187396 0.9933760519294276 0.12027027205756163 0.056778980945261376
0 0.4196182936743995 0.9882914597061344 0.05997210599721061 0.051603905160390685
0 0.49790794979079495 0.9881450488145049 0.030683403068340383 0.018131101813110177
0 0.17558666209355334 0.15475299314269036 0.14018371361047502 0.08926080892608104
0 0.30858821285656096 0.19594320769545892 0.12133891213389111 0.07531380753138084
0 0.20920502092050206 0.05230125523012555 0.100418410041841 0.1046025104602511
0 0.12570454723290303 0.8860399246316112 0.14394334249334892 0.08647140864714128
0 0.6024525548919558 0.352588760044615 0.07613714641105021 0.07391910739191089
0 0.046458697982216766 0.16478266177770706 0.08786610878661079 0.05718270571827069
0 0.9623430962343097 0.5948396094839609 0.06973500697350062 0.10739191073919102
0 0.9156206415620638 0.9170153417015343 0.1631799163179912 0.16596931659693145
