0 0.882724 0.872702 0.094961 0.129707
0 0.120688 0.558647 0.127439 0.098461
0 0.479808 0.783349 0.141327 0.096601
0 0.114593 0.845231 0.090507 0.065633
0 0.464571 0.626018 0.073767 0.107327
0 0.531415 0.527776 0.058392 0.170364
0 0.182209 0.939558 0.082743 0.114365
0 0.526362 0.686912 0.142864 0.093445
0 0.754423 0.752351 0.168980 0.084276
0 0.811785 0.684510 0.140391 0.090628
0 0.845379 0.662502 0.076709 0.099711
0 0.339011 0.947523 0.069735 0.150845
0 0.630400 0.992045 0.072524 0.112436
0 0.693478 0.787671 0.209205 0.097629
0 0.845712 1.000000 0.127893 0.127927
0 0.931271 0.333190 0.136960 0.099066
0 0.916672 0.411623 0.210546 0.060195
0 0.357860 0.921038 0.118026 0.075314
0 0.928457 0.543222 0.093445 0.058577
0 0.114608 0.907379 0.071130 0.156206
0 0.096704 0.714594 0.062704 0.134150
