0 0.9483497666221591 0.41945320394671937 0.1224151586481236 0.08873721866361382
0 0.7652611434258348 0.525100803523503 0.1213389121338913 0.09000271619979978
0 0.8785503779712128 0.6086689537433116 0.17294281729428124 0.11157601115760113
0 0.8369112416492207 0.7372475727784592 0.16527306525617583 0.10843903139741044
0 0.6156108267238368 0.9062492347449216 0.11854951185495109 0.07936709195891795
0 0.18088837074597713 0.37693015334608004 0.187208085293549 0.09964757210841892
0 0.15127764230213908 0.4652381734562615 0.1379077752891107 0.09065550906555106
0 0.13053939714434767 0.5419392420048885 0.2036957387991623 0.06415620641562075
0 0.40121181955045593 0.04055029610996156 0.1603905160390515 0.06276150627615068
0 0.16535937406775983 0.76573029454389 0.13947001394700115 0.11157601115760124
0 0.7718529082962755 0.8102678237655803 0.1687587168758714 0.08412554829793857
0 0.633734899708607 0.7438665960105884 0.11320257197172706 0.08635238695851126
0 0.2585187275568364 0.2851047933218755 0.20641562064156194 0.11436541143654155
0 0.9554188747235449 0.9041416475078238 0.1202663527029183 0.09902370990237137
0 0.954408218153688 0.8381811773299329 0.08052496658680904 0.07417094991427263
0 0.349495857309189 0.0970701038817761 0.17774147577178986 0.08723854744884797
0 0.1115854024548867 0.28853068786194924 0.1647352280819878 0.10041841004184147
0 0.2230750566718448 0.05063140740060332 0.11157601115760088 0.10126281480120668
0 0.6894544207725177 0.6450547182750462 0.11331344947908695 0.10320781032078113
