0 0.7695997491848362 0.624874089080881 0.17794911757477408 0.11789956896787328
0 0.33456327872660535 0.8713327546018188 0.09344490934449091 0.11521951770093636
0 0.896549798517604 0.7890491237055689 0.09065550906555081 0.12831241283124153
0 0.4515475370979537 0.5396572686627898 0.10999339703282013 0.12516824909429505
0 0.6035553621929077 0.5084023568493569 0.1607575588639497 0.1318264475051243
0 0.1537279997102837 0.9104241944713415 0.13517378761983945 0.09562551252382803
0 0.15113647441531877 0.6797174504795643 0.14903247824538582 0.08626230138600613
0 0.8114730551041098 0.4235985548705902 0.11523529572408643 0.21852825669988854
0 0.7161931229901094 0.30656441704435006 0.1394700139470012 0.14355050794803445
0 0.9261433330890356 0.16739212872470247 0.10240695560272534 0.1710146642653811
0 0.28678279046589983 0.24056781811642527 0.11576011157601102 0.12831241283124195
0 0.5188197402619968 0.8832454535142266 0.15620641562064141 0.08914050088460695
0 0.6439449845912028 0.9355479466914719 0.11309981323848867 0.16852239456617904
0 0.5820353028567026 0.8079053216059292 0.09902370990237089 0.13734185025385637
0 0.43841915881916044 0.23868479316625812 0.08302679710930573 0.15702002203985244
0 0.3861679191240541 0.5082235323182901 0.07253127505012594 0.15653659072671286
0 0.3093939000077002 0.4582890409895274 0.11994421199442112 0.16596931659693173
0 0.03560443681580461 0.5809177816732608 0.07120887363160888 0.0812966480187098
0 0.048814504881450435 0.5293640016482047 0.09762900976290088 0.13249651324965134
0 0.2269910884952521 0.6771387180581427 0.09205020920502084 0.1338912133891216
0 0.3206729429881631 0.7952968095050611 0.1098547672834193 0.19503855883869586
0 0.5681946985425853 0.7497907341229584 0.07810320781032068 0.12784801624111267
0 0.9169340416391906 0.583956772782365 0.0894456211072093 0.12456779277343849
0 0.684515978580431 0.13734806904024652 0.0999245980323052 0.1601463054855452
0 0.8045419376044016 0.08466205276375685 0.08716723799450737 0.10281898692888555
0 0.8738262632531587 0.2715225640595009 0.14496168062069437 0.07617631615571649
0 0.5253329742267728 0.6170620441292115 0.0719602667378683 0.10298193110203964
0 0.5713297444904356 0.09313989598061514 0.12225373076810991 0.07815903668590378
0 0.08053155371958816 0.17742750642584235 0.07056237881660239 0.06349569657385687
0 0.10295515461393993 0.10447960465392717 0.1010250849749565 0.05083480996187441
0 0.9613383970705711 0.6823840178435395 0.12691771269177113 0.06834030683403086
0 0.9643754058488693 0.395054686003979 0.10878661087866089 0.07531380753138087
