0 0.5948907901327656 0.7236995471221033 0.07790591683111951 0.12299538790279206
0 0.9112480733967679 0.5996590290622209 0.12241679141384784 0.13215572863815536
0 0.824046342678636 0.5619096364012943 0.23752232306414955 0.12831241283124162
0 0.39136854694663614 0.7814845295095312 0.17942903085353434 0.18270571827057233
0 0.16304487964659223 0.5961758875885261 0.21942053239330478 0.1246220178282502
0 0.10841817302239536 0.29090793256443304 0.15341701534170132 0.12412831241283154
0 0.34233994517333877 0.7699197968440887 0.13001923724470424 0.10602139602384558
0 0.8563527183249636 0.7406745659789984 0.1269177126917712 0.07627555989622033
0 0.19810245903514606 0.7035500551470879 0.18248919269386327 0.08786610878661089
0 0.6851755517915508 0.4930223115248875 0.14053493116886384 0.09409975804957928
0 0.5900892635140977 0.4594351487564493 0.14082983929663864 0.11018131101813122
0 0.4384075904593439 0.5495525583412594 0.16039051603905136 0.11715481171548178
0 0.7918640936496938 0.20873805497458306 0.12273361227336091 0.08786610878661108
0 0.5990275329013853 0.1319552025913735 0.13601298533495956 0.09020931377611331
0 0.827743775143379 0.03543724341642532 0.17294281729428146 0.07087448683285066
0 0.7721224822230269 0.10562860869878163 0.1576011157601115 0.1032078103207812
0 0.30814655283711817 0.07316403859446532 0.14504881450488122 0.1054797945961446
0 0.3075883175366096 0.5426156123259538 0.11575844504254387 0.1253306457620382
0 0.5438718233497583 0.40549918395811047 0.1940873611184122 0.0967196182760306
0 0.36643481235555314 0.43382978050235715 0.14783821478382145 0.09902370990237105
0 0.4783227251736558 0.9825641539149008 0.1025139243204268 0.08123031895198704
0 0.18453529148578432 0.8082154988347312 0.13947001394700115 0.08337485387535938
0 0.2861328972268107 0.6560102016953246 0.08786610878661082 0.06415620641562073
0 0.17688123610375425 0.6435501328454982 0.09065550906555085 0.06076095477303531
0 0.09174461500303793 0.5985748785400141 0.09735120796436851 0.06801617161763422
0 0.34409261940181857 0.16286404432426388 0.0794515044353783 0.1393448133991462
0 0.6411704252963234 0.051339014946409724 0.111576011157601 0.09825672748543496
0 0.5267732683149142 0.14759318579141698 0.13947001394700126 0.052998605299860696
0 0.7414913696775071 0.8067971564598635 0.10320781032078097 0.08368200836820111
0 0.9512675298117129 0.2882778778105854 0.12133891213389107 0.0488145048814507
0 0.9723991092544532 0.4579019960781029 0.09600142831887223 0.06973500697350092
0 0.6737743755398862 0.2607194567323431 0.1241283124128314 0.06834030683403088
0 0.664251455023562 0.4796316475645311 0.2133598501967732 0.1338912133891217
0 0.9412270917743689 0.8794346753633452 0.15891743671687603 0.09344490934449111
0 0.7175042812377793 0.7853884424826053 0.11436541143654107 0.09344490934449133
0 0.15431168614164173 0.8364828654976975 0.18645098545984937 0.0854284222817666
0 0.0873767837377853 0.9184185495072044 0.09065550906555081 0.05439330543933069
0 0.33580074605782495 0.20477291312591994 0.09065550906555081 0.07044551459172137
0 0.1310500058693661 0.026369360059004664 0.09296865977414362 0.052738720118009313
0 0.6983871446414334 0.8744905475649871 0.08926080892608068 0.07531380753138076
0 0.10151328622119186 0.26539940584177935 0.12691771269177124 0.05860492072271821
