0 0.6014340069652451 0.7020450550315794 0.21871888641758627 0.09902370990237123
0 0.2753023845189157 0.5989662658022677 0.15031012202114663 0.11422412683195525
0 0.33307402726678736 0.5104403437529478 0.14496940138330242 0.0921002078674719
0 0.7167297851302037 0.5429930451074516 0.18078528280791942 0.08089260808926113
0 0.7444513120614665 0.27686344692149345 0.14106620629254696 0.17292916759954285
0 0.13076297322154753 0.364475170419109 0.1576011157601116 0.08786610878661116
0 0.5391597455134587 0.8353630730985939 0.1622642403764022 0.08109382311785089
0 0.40056320813391283 0.9043234862780095 0.08263797893994114 0.16077864863299493
0 0.18492598565491328 0.693337335385804 0.13483563952226918 0.09514522155936478
0 0.12863303322696745 0.7441465694371397 0.1587681876866698 0.08089260808926114
0 0.5826767572291184 0.5503148707434512 0.18749408721610375 0.11710405926743403
0 0.37315261430578295 0.41958242284748004 0.12831241283124112 0.1272880213268703
0 0.9530822346516049 0.20129254488190576 0.09295650658325366 0.15531819960729937
0 0.833575145457586 0.1255491086398006 0.15843888519296181 0.1588650016709802
0 0.7605001423286738 0.5112542214717917 0.23442446723004576 0.11576011157601124
0 0.8552299819140313 0.8016897204826755 0.09633173764579508 0.1678441277874486
0 0.25376298791407026 0.14492507503913463 0.16865276816748057 0.1143654114365413
0 0.5402785810495438 0.29072248310657167 0.17835818205328186 0.09065550906555081
0 0.4414013462400939 0.15170666443052921 0.10362174529192307 0.10579315569092823
0 0.47457092141958457 0.1302157926661337 0.10264693590166084 0.08923933547008904
0 0.597660045762132 0.1367811049508574 0.09623430962343084 0.09762900976290123
0 0.593548979500395 0.31200437709017725 0.16213324496551051 0.06555090655509073
0 0.3534194006833555 0.13019857091135814 0.13247409474984773 0.056023188245078064
0 0.2112571929709377 0.5358531344703065 0.1129707112970709 0.07112970711297091
0 0.7824859029628267 0.5398306603759082 0.1061873308854246 0.07157720571218323
0 0.9335005794659095 0.25929948670531494 0.19269272308767454 0.06834030683403075
0 0.8213049666639607 0.5435890007163057 0.15415718758008407 0.09810254333867467
0 0.2993459241990195 0.7717149396150706 0.11823202473924246 0.09006175199763236
0 0.46451684575012814 0.91984385181164 0.10436343527361076 0.05485198247440923
0 0.7951012699719633 0.8655738784784213 0.18131101813110134 0.1046025104602516
0 0.47465807127103554 0.4855973418533581 0.09509740217020779 0.07762586718640511
0 0.4967920550860313 0.41788846453828726 0.11436541143654104 0.09933620391566497
0 0.3901241175412588 0.20469918562946426 0.12520115180490565 0.06276150627615056
0 0.10734091765308439 0.46820116908417697 0.1344205417636091 0.07391910739191081
