0 0.7991591342808824 0.625331191874454 0.10605714037142969 0.1938633193863323
0 0.43452418790102443 0.5394615028445995 0.12133891213389107 0.25941422594142294
0 0.5634355572136477 0.5737051201414702 0.1254619412245044 0.25523012552301316
0 0.6667091638425557 0.6207494216584962 0.12390686404020271 0.1893470464089796
0 0.7398394167953549 0.3467723060631707 0.11018131101813104 0.1408647140864718
0 0.8803023096397655 0.32710092121816464 0.119944211994421 0.12154832280595816
0 0.8792424279264835 0.7421117202763753 0.21059972105997202 0.09344490934449107
0 0.7344315695328718 0.8532216987033143 0.10599721059972098 0.1199442119944216
0 0.8524023607117779 0.9087833713283101 0.12691771269177105 0.08786610878661102
0 0.16267339669615274 0.5463205861947658 0.11018131101813107 0.19665271966527245
0 0.30903099196504585 0.593265943397391 0.06694560669456058 0.17573221757322222
0 0.041841004184100396 0.543933054393305 0.08368200836820079 0.19246861924686173
