0 0.9054781818967094 0.2907340106634451 0.15708216925534807 0.10353708623447444
0 0.8561994416359789 0.34977082000102677 0.19129146594048874 0.08786610878661091
0 0.6600484450794943 0.22502568751636068 0.1554401705133589 0.10251215135912473
0 0.33753920529629317 0.5441259967444319 0.17739065768006534 0.11715481171548166
0 0.31377287323985603 0.27167862210198335 0.12160226490095133 0.09762900976290155
0 0.42924100689261435 0.433493564274078 0.16746077140351712 0.09623430962343134
0 0.33072324296413624 0.8309748153924752 0.11993896556959399 0.09065550906555134
0 0.12267353346651301 0.7668682442617287 0.1729428172942812 0.11994421199442147
0 0.5907626848592848 0.9251118169123843 0.227336122733612 0.12672536770273488
0 0.4797184309645868 0.7299587096988748 0.12412831241283112 0.09623430962343175
0 0.5339970112036866 0.3214142932986522 0.1757322175732217 0.08731057126378289
0 0.9203886436074855 0.8151556870041952 0.13110181311018124 0.11436541143654139
0 0.7524912860787748 0.9369635921915993 0.21732481154773722 0.11354410080422038
0 0.6952580195258014 0.957461645746163 0.1241283124128312 0.08507670850767081
0 0.7552067882495465 0.1252147442705098 0.18811842174570767 0.13026941639268677
0 0.8264300177653382 0.051603905160390505 0.18549511854951148 0.10320781032078101
0 0.7703222637164194 0.41406507806728565 0.1380719816866394 0.13668061366806183
0 0.9505673728052529 0.18728452946929866 0.13841939795535393 0.11554825594404848
0 0.3574504036150101 0.2923128054039878 0.1478382147838213 0.12133891213389134
0 0.4540343749272469 0.07152608731477668 0.1242100358087051 0.09065550906555103
0 0.6453294992690811 0.5396400634210672 0.1645746164574614 0.09205020920502091
0 0.27613692797576883 0.9003625994249007 0.10952032538144736 0.10739191073919124
0 0.2058898733816333 0.5204364688987977 0.08089260808926076 0.13528591352859162
0 0.2403140674431571 0.243164768584462 0.07197639597939368 0.1059972105997213
0 0.12942016606070386 0.14956145937777998 0.16875871687587157 0.07810320781032092
0 0.23252167013000963 0.06609599143129503 0.2761082096818874 0.0859245100938097
0 0.7540426345169696 0.5200241096616769 0.16370925424032445 0.08356857875637966
0 0.9632280334586325 0.5714836440322645 0.061366806136680656 0.13497606854347016
0 0.9781216568926173 0.7266494265736569 0.06265296648773828 0.13249651324965153
0 0.03049457567289914 0.3897777341364828 0.06098915134579886 0.20207095147359733
0 0.09926562094518915 0.4640989454537424 0.09205020920502076 0.11026403852243707
0 0.9343375174337512 0.16602510460251124 0.08089260808926069 0.07196652719665544
0 0.5847796861795937 0.25915528548214567 0.19356302911239565 0.07163694845241195
0 0.8972633184680204 0.02296392207344068 0.0979030636742719 0.04592784414688223
0 0.6819137491601106 0.7539121432122979 0.1010473422748779 0.1648418793364314
