0 0.23389872399378359 0.82409178438398 0.4222994350580104 0.3039882895045366
0 0.6441708334907418 0.2882175196844938 0.13272133432941985 0.10208454382818337
0 0.8520531493535587 0.4954577922588196 0.1412451180002639 0.09902370990237096
0 0.28401635685655885 0.28354542769328483 0.18828451882845187 0.15620641562064214
0 0.15717581339369627 0.3611217796156452 0.1665358165789928 0.12272197969520252
0 0.5619238990286581 0.07967598487194891 0.11230096601515852 0.07309463296380961
0 0.7046616268074124 0.8388503872058527 0.2022315202231516 0.10357130670646417
0 0.4842540028971922 0.8699990804603195 0.29231625932876854 0.07014967654860287
0 0.43894784083445404 0.9610852352544796 0.19107391910739183 0.080892608089261
0 0.5643928974599979 0.8326826129203683 0.18549511854951162 0.09809871675239927
0 0.6101556135959237 0.8622386561113458 0.11715481171548112 0.08228730822873093
0 0.4965132496513249 0.9637377963737797 0.08089260808926102 0.06415620641562071
0 0.963624627149455 0.2348742784061796 0.09301220184675853 0.10181311018131116
0 0.85002574334973 0.1499810536980576 0.13858649423858796 0.09344490934449129
0 0.8090768046776133 0.41199745976309365 0.1320155451854143 0.07252440725244087
0 0.5332929102145207 0.5001458943853313 0.10599721059972068 0.12359656044924032
0 0.05439330543933051 0.27605356819081756 0.10878661087866102 0.08926080892608133
0 0.26255262496266346 0.2255200949506526 0.16739338280065216 0.07421436884082332
0 0.20652492554911 0.15022738216783466 0.12273361227336106 0.10320781032078123
0 0.5760599101055343 0.6322791224004474 0.11019844111464878 0.07810320781032101
