0 0.4180066994300799 0.6824704288120195 0.20781032078103168 0.07794960873612858
0 0.5831684409678299 0.45782758328368756 0.13756275608019333 0.090330162548818
0 0.6792985966723565 0.3385476256022348 0.2479935665795054 0.07184352029289354
0 0.7101295812132737 0.3634981624375563 0.14783821478382123 0.08133252887907293
0 0.5006139710382747 0.16810444772747568 0.13765072129446798 0.08941204159885198
0 0.061653246227906716 0.46283212412463487 0.11882932491243654 0.17470949700477528
0 0.18820763330790233 0.2575816833940895 0.137210477387601 0.06195670486246696
0 0.10873295905499558 0.03755721626961516 0.11519902565973972 0.07511443253923032
0 0.3227779022029409 0.05592839911158693 0.13492385093193227 0.10041841004184145
0 0.30892019930135745 0.47387028394378383 0.1803715793545915 0.06390279624196328
0 0.3869207592075069 0.36765405575258453 0.1593361056464342 0.10218431111855915
0 0.36705624079072285 0.8610302162357987 0.16726288647059256 0.06866251526114728
0 0.8919953744565131 0.2067649764688171 0.13807531380753132 0.08519942792751804
0 0.4724366521905148 0.5927542875630477 0.14250465357923014 0.10879423184609603
0 0.1493820737408013 0.7496782070600665 0.11533008979880838 0.09904265798568357
0 0.5577273815123824 0.10477581639474051 0.07863963094088597 0.06437077566784671
0 0.6877329249315755 0.13921261432836918 0.10995741404731339 0.06502642437771615
0 0.7684860468271263 0.0764643917531739 0.049005797447377146 0.09856173258588162
0 0.8813574740107663 0.07363189189322822 0.0627615062761506 0.07670850767085087
0 0.4111276347850646 0.7897539572384961 0.15620641562064141 0.09623430962343121
