0 0.42673094100078157 0.7140850898674603 0.18305752392337615 0.08430269976149622
0 0.5367730332613944 0.5340350565880945 0.10704254687005864 0.06948099368906663
0 0.7487052167050738 0.2955842388835388 0.1407377003351731 0.10355839616297487
0 0.5947249644039284 0.9009762900976276 0.09344490934449086 0.1450922707195549
0 0.46259203368270724 0.7760877183999938 0.09375509185326208 0.14311438447095953
0 0.8049074521489326 0.7405598281217878 0.1118255922811647 0.05945238169331311
0 0.5934703046387901 0.5793327776032854 0.11157601115760098 0.07342416237178853
0 0.7980879988197583 0.25445282032533484 0.11576011157601097 0.17373392605078525
0 0.8896414356925321 0.5434542433879137 0.13110181311018115 0.09337087698584283
0 0.951199931918514 0.4645816445875505 0.14744724917359073 0.10181311018131124
0 0.10881039419813975 0.1916973656329636 0.1261326630875579 0.0806339510571377
0 0.036793436525143865 0.1794129041301626 0.07252440725244061 0.20415927941144776
0 0.23486410138945132 0.33222278974033875 0.09065550906555071 0.13668061366806158
0 0.4018979029395268 0.15686839425739696 0.08905881152214945 0.10955915401351386
0 0.6002425783152116 0.44918251732148684 0.0893588646283569 0.06199220974037142
0 0.6620706236546507 0.49040076412562916 0.10599721059972092 0.058823124585099036
0 0.3452056011026724 0.6550021454066602 0.12133891213389092 0.06840695737589551
0 0.1177155539096783 0.4921400824557164 0.09516284932155311 0.12951411919543912
0 0.3241709020874668 0.2553642220209579 0.10436083664872581 0.13389121338912174
0 0.1565154996070067 0.42118331356485306 0.10599721059972092 0.1815743578918328
0 0.26241405319177 0.9113634770530454 0.09902370990237092 0.18356268623540836
0 0.20700235506119796 0.9859561978203345 0.10154631401521366 0.13859902188320836
0 0.548577253212037 0.9844135874346636 0.104602510460251 0.1297071129707118
0 0.9594629401267225 0.6473133725776866 0.06694560669456062 0.12273361227336162
0 0.6402368897949188 0.8105953954873272 0.09587890733267146 0.1892387611971246
0 0.7732920710039771 0.4470336331176381 0.09344490934449076 0.06865254681138484
0 0.046722454672245464 0.5693500528465615 0.09344490934449091 0.13668061366806158
0 0.5885514071402533 0.34553752824840067 0.06834030683403067 0.10665940246523671
0 0.16512721634540128 0.957380140231741 0.026333212144090134 0.08647140864714123
0 0.13752916252861194 0.9250818084693825 0.06347927552388613 0.12133891213389165
0 0.6961973477662937 0.9479631703642454 0.050209205020920473 0.07576678301740519
0 0.7715970123635444 0.8838740996467649 0.07112970711297067 0.09902370990237096
0 0.8298873037939559 0.02341180753859414 0.07391910739191075 0.04682361507718821
0 0.9739798397564678 0.9069894043959428 0.07252440725244062 0.1018131101813114
0 0.18193241467892954 0.023264944134227215 0.05969625918299015 0.04652988826845439
0 0.4537708255194032 0.6237539828368561 0.07688610789688503 0.09762900976290112
