0 0.6546974579109763 0.7290064008934634 0.1631799163179914 0.10083680245281558
0 0.842717501184469 0.8861869739555485 0.14109795648253318 0.09205020920502113
0 0.5907157327697666 0.8156139592793227 0.14835074475357227 0.10259682577387713
0 0.5006769703215641 0.8942780827426425 0.13350479941168164 0.09384556508827861
0 0.9176172708631075 0.8281716513980105 0.12555382110653793 0.0920502092050211
0 0.12570155579485484 0.8601126063755524 0.10047590755692465 0.11715481171548131
0 0.1434034279253693 0.7443562892414675 0.11994421199442085 0.0878358106026209
0 0.18736160028372656 0.906006616922966 0.10188049612106352 0.06856729947493252
0 0.3152892654038704 0.16099429270821092 0.1827057182705717 0.11018131101813128
0 0.49617094813063745 0.33193735439136446 0.15146490566410545 0.11576011157601122
0 0.5533510021526002 0.2413914093451854 0.14155783838133668 0.09305307678845547
0 0.26196107170871313 0.7633665746766809 0.1890607701550065 0.08210703803833946
0 0.42087083791914964 0.4134517320289317 0.15899581589958103 0.09272748432555086
0 0.8331894197815185 0.5118515388738466 0.3031565035683395 0.12576406321843828
0 0.851858249189369 0.4725622634310225 0.13396787790141118 0.09823522232726323
0 0.6234588684677891 0.16973411274638434 0.1324053039773602 0.10181311018131116
0 0.9177715803397658 0.3865248413391143 0.1544013792977013 0.09802867042185447
0 0.3413099733606646 0.4745600685858875 0.19146889834085964 0.08786610878661123
0 0.24024497332766162 0.2539150737015333 0.22053579055179567 0.10431085685267703
0 0.16701608135742796 0.3372201733159052 0.20083240343105968 0.08149131837318926
0 0.12001706500688264 0.4339556675062971 0.13800472766190558 0.08228730822873122
0 0.6548144037109916 0.3209287315483608 0.1158384207092429 0.06415620641562093
0 0.764618309275222 0.1629722098925199 0.07810320781032054 0.10599721059972125
0 0.956547518534554 0.31370025246332 0.12552301255230122 0.08507670850767106
0 0.9487804942210546 0.7084122118606644 0.13249651324965112 0.07265938304866423
0 0.9596440707762567 0.628943223403121 0.11576011157601113 0.0627615062761504
0 0.9755251115072248 0.18514755878169603 0.09010909769409534 0.08419796360259607
0 0.7208814502773049 0.6460173393321011 0.18549511854951162 0.09483960948396111
0 0.660648087613985 0.9900254098428394 0.09205020920502084 0.05821920943668332
0 0.3552509345182803 0.0812907090591166 0.17388167047123276 0.07810320781032105
0 0.4149433852930295 0.05439330543933073 0.06535831095872886 0.1087866108786617
0 0.15367434329989837 0.20113255585418827 0.11391210893772738 0.0725244072524408
0 0.6615497695119066 0.06693419234875683 0.16619047699069633 0.07112970711297091
0 0.3648762318684162 0.8996972003911503 0.09344490934449086 0.07112970711297098
0 0.5095404343859609 0.16928432470178223 0.07810320781032072 0.048814504881450595
0 0.04393305439330544 0.09783554967453256 0.08786610878661087 0.046960725776808834
0 0.26828189342285946 0.797257365689028 0.08647140864714077 0.06973500697350092
