0 0.803945 0.176038 0.173687 0.079498
0 0.767931 0.848903 0.119055 0.125546
0 0.875715 0.747460 0.146167 0.117179
0 0.570131 0.706993 0.213124 0.119944
0 0.485684 0.673527 0.143654 0.136681
0 0.662968 0.985373 0.173019 0.099716
0 0.454953 0.814595 0.153417 0.095950
0 0.321579 0.761872 0.115760 0.101359
0 0.302874 0.750860 0.111576 0.085077
0 0.423180 0.526205 0.130692 0.060957
0 0.517743 0.572547 0.133690 0.051604
0 0.633699 0.313531 0.142259 0.100971
0 0.948693 0.509921 0.126721 0.053005
0 0.457257 0.153805 0.246545 0.150960
0 0.656580 0.789907 0.200344 0.136936
0 0.885831 0.910214 0.087866 0.125523
0 0.281010 0.311726 0.108787 0.135602
0 0.087666 0.581676 0.105997 0.147838
0 0.180422 0.842283 0.114365 0.228507
0 0.546883 0.916235 0.081709 0.115623
0 0.974554 0.782072 0.080893 0.145469
0 0.878692 0.458660 0.092050 0.274976
0 0.772049 0.227704 0.060830 0.086994
0 0.723181 0.039144 0.096287 0.078288
0 0.918402 0.180015 0.078103 0.112971
0 1.000000 0.884556 0.066705 0.048532
0 0.997875 0.969989 0.066450 0.073513
0 0.422278 0.325180 0.128312 0.090656
0 0.166599 0.217634 0.114365 0.181736
0 0.249768 0.055277 0.122137 0.109626
0 0.752186 0.432847 0.066823 0.090355
0 0.033016 0.626873 0.059972 0.130438
0 0.967436 0.548923 0.100418 0.052036
