0 0.8884860209275484 0.7643465272698756 0.12080186049040334 0.15062761506276165
0 0.20985598093022223 0.8722391665122128 0.08368200836820072 0.20641562064156266
0 0.3719881096488965 0.6458486942761571 0.12691771269177116 0.0920502092050209
0 0.4290044392685093 0.4914212246528272 0.0822873082287309 0.05977141348392843
0 0.401026183247874 0.5647741179677039 0.0948396094839607 0.07714833391569448
0 0.5073606167872466 0.25412964028010765 0.11576011157601104 0.09205020920502108
0 0.9458751709265073 0.5509708602984277 0.12631919127658575 0.09894686677388954
0 0.614233585560421 0.8683679755855591 0.11018131101813095 0.16137126667489204
0 0.3534893140851143 0.8501780794362576 0.11436541143654107 0.20502092050209236
0 0.7301487901237778 0.8699759935807775 0.10846960603828762 0.23709902370990285
0 0.45821281692591304 0.39931012723402093 0.08228730822873075 0.13947001394700148
0 0.1628422552377469 0.5902470602450948 0.1004184100418409 0.1283124128312414
0 0.43053557011128396 0.17544938826211942 0.10662515448249303 0.19135474135459854
0 0.6898342541121566 0.2280430183934761 0.16039051603905147 0.12479830401726315
0 0.4786514233256618 0.9032368281513954 0.13528591352859123 0.1659693165969317
0 0.4976220452096553 0.555633702952484 0.06428514385094944 0.12295629784630706
0 0.9706332154267697 0.9307262888691059 0.05872710770024149 0.12322022399948589
0 0.49487475074101744 0.6669838990577371 0.12552301255230117 0.07112970711297088
0 0.09986524940672037 0.9036272017390391 0.09065550906555081 0.1603905160390515
0 0.5661119992185131 0.19505576336864244 0.07252440725244069 0.09249385310976557
0 0.1709380080000667 0.26790711872184014 0.18918992332014575 0.15885132397788027
0 0.7437957557918351 0.6298636567500072 0.11982104997505229 0.09623430962343119
0 0.9705968539454978 0.24639886898688423 0.07364870193867971 0.15829884832525246
0 0.8935268838504165 0.44998322257759055 0.07372372557472001 0.057933345343802255
0 0.5232631038350796 0.756195406735708 0.07949790794979078 0.0502092050209206
0 0.5117227872595115 0.8052852535034222 0.08570364725920351 0.03783321457997216
0 0.2745597251646329 0.4746617162311832 0.21199442119944173 0.13672503098275926
0 0.7620660453164134 0.5484044999862725 0.12831241283124117 0.06449104790185468
0 0.6631447999154103 0.46278547033547207 0.09592287145979003 0.1465549703915798
0 0.2863325041270077 0.33850635085542985 0.08806277654912684 0.12637608354819438
0 0.3797147155894836 0.42859381443141564 0.056288930505376165 0.08399675075553015
0 0.3111532162137943 0.1594887692748367 0.0767085076708507 0.12552301255230147
0 0.53813829978021 0.40511496571860095 0.07327267890163941 0.11914315813279554
0 0.8639657056851402 0.9137913393236079 0.14858400749080064 0.1283124128312416
0 0.25691791666944175 0.12691646886632663 0.05160390516039052 0.12167252451790937
0 0.08388456936691194 0.387569884874422 0.12094382551195934 0.06531117418147404
