0 0.3465302736809441 0.7960374024562943 0.1073919107391909 0.09205020920502102
0 0.3223622267081096 0.6905432684458949 0.09623430962343091 0.10411768944092743
0 0.10518409175476251 0.4333022368835681 0.09313351488001578 0.09201128489696186
0 0.12150832515052183 0.5327225511512164 0.08477549969529945 0.09477936772148694
0 0.14706606964601382 0.6294576516664561 0.07531380753138071 0.09065550906555103
0 0.17491077478222278 0.7327543756161199 0.08930074870976873 0.10007081395005962
0 0.08385542774632587 0.7521110422224959 0.08631820000845819 0.09042569610752665
0 0.2354065359060182 0.953752241260653 0.07797407797900405 0.09065550906555114
0 0.042538354253835425 0.9776847977684775 0.08507670850767085 0.04463040446304026
0 0.1323693790719498 0.9366625055723098 0.08342454540564166 0.023709902370990292
0 0.8232047142182816 0.4420825648321057 0.10571060281630458 0.0501394474479478
0 0.8247185513053096 0.46830137036273145 0.09022398090628603 0.09904068567615207
0 0.6189792886664925 0.47142935089380983 0.10136216465847621 0.09330266876319032
0 0.5998976843868049 0.37167287168278257 0.10181311018131092 0.09893487228634829
0 0.5230237070321683 0.6988349860095654 0.09004992565550132 0.09342084305805737
0 0.5487324981467993 0.7913899865388876 0.0836820083682009 0.0878661087866111
0 0.7569115544750149 0.7958122514385974 0.10460251046025103 0.08507670850767104
0 0.5999628205273166 0.6301777324425424 0.09091361804956452 0.10298213447321579
0 0.6770082183495648 0.6055978786514804 0.05299860529986042 0.09344490934449096
0 0.47267337118791203 0.5025074891551161 0.09902370990237096 0.09205020920502083
0 0.06227072186945687 0.6606707834526259 0.08368200836820076 0.10041841004184113
0 0.038354253835425386 0.5653500143787488 0.07670850767085076 0.0920502092050211
0 0.02377671048296854 0.446317593946072 0.04755342096593722 0.08869962078546316
0 0.6779812596510121 0.3017042342934916 0.08471108469042593 0.09635990649276058
0 0.8858473065720126 0.29867542353811705 0.087866108786611 0.08647140864714094
0 0.9099786408387888 0.40886411472262263 0.08507670850767085 0.1004184100418412
0 0.797660807600222 0.553057726411723 0.09623430962343088 0.044630404463040445
0 0.705048369168287 0.5449500737900261 0.046025104602510455 0.18768952918075604
0 0.4685390599369259 0.6186080203717195 0.43347806495817465 0.04881450488145047
0 0.19411826529823442 0.734691624907444 0.05439330543933032 0.5614240938049269
0 0.4769874476987448 0.9735006973500699 0.07531380753138073 0.05299860529986049
0 0.8098367175598896 0.6195915572644168 0.10181311018131094 0.07531380753138087
0 0.42939984291010086 0.2552757307247947 0.24679812051080585 0.13249651324965167
0 0.3415058019389201 0.17582077246149413 0.18606921980330016 0.06555090655509092
0 0.25717389590642575 0.12838217041412192 0.12929578201713982 0.06415620641562066
0 0.5077166396886564 0.6344043986104516 0.10181311018131085 0.03905160390516044
0 0.4106165013035578 0.6499775369908767 0.07112970711297065 0.05718270571827067
0 0.21312098273400998 0.8838856216558243 0.09344490934449091 0.04323570432357037
0 0.10229711670512179 0.9146987065732778 0.10599721059972105 0.051603905160390665
