0 0.59406259221033 0.6216349513854611 0.19526030924455853 0.10878661087866154
0 0.1813500302657144 0.6839110201989109 0.21745394968844256 0.11854951185495143
0 0.20061211080585628 0.5646979991867915 0.19261095868037292 0.10716603348457882
0 0.3539715374653673 0.6737963019216673 0.1878944733628056 0.07078238545133514
0 0.26291022065114095 0.47258668587504293 0.19358179230023068 0.09995495324608089
0 0.34559829436787787 0.43793606107335425 0.12881948478202437 0.10697419746872201
0 0.40220637462600173 0.3409351851802056 0.16103985005224344 0.0981226291218689
0 0.47146707029107665 0.28505130818715985 0.12789071900428256 0.09204760480866754
0 0.44412657503159886 0.5231285169653019 0.130328899709552 0.07364487331194013
0 0.5124950982983979 0.41566157847588864 0.09831632416697883 0.06490161243896156
0 0.5285469708679545 0.1982231442816764 0.13957391269837402 0.08452612239057357
0 0.5886010550052272 0.07147653715757035 0.18564895253704275 0.10402887678842788
0 0.6885070099732227 0.22681894091208002 0.13249203586029998 0.06555090655509073
0 0.6407627976291755 0.10596057544767817 0.08150052289266987 0.08368200836820121
0 0.9215349439295641 0.33524456740685626 0.18832320357712093 0.10041841004184146
0 0.8311465702161976 0.4083942979675903 0.1603905160390515 0.11854951185495134
0 0.3606698410552211 0.049328431761885456 0.12950117520671375 0.09769553427528922
0 0.26227801108285803 0.11368300454888212 0.167649006429737 0.0764319247679802
0 0.19883406425519126 0.18927569262993 0.1324965132496512 0.09266746891118896
0 0.1428814045067004 0.26931441814412405 0.1456601133481329 0.09479835730876095
0 0.1080531704603111 0.3941253047385356 0.10291106815308698 0.0881820463565494
0 0.11670579427506053 0.15646130788375562 0.1260450321768667 0.062472638016158696
0 0.3316256766461621 0.28513819778138916 0.08564631196549768 0.06834030683403088
0 0.9572954330474265 0.25039559264762706 0.1442128826582655 0.08647140864714084
0 0.789974506168338 0.5211952089287439 0.1595558919877376 0.08926080892608092
0 0.9189122562544599 0.6310406535658923 0.1528658287098254 0.10320781032078091
0 0.5256094748866088 0.8206654217773667 0.21593368912929056 0.09065550906555109
0 0.7418977138849104 0.9217429241215334 0.10362169835375071 0.061185559940570754
0 0.7674107568362567 0.7952679264865988 0.09801800975080713 0.1086114227911557
0 0.9261786398934919 0.8982768227623791 0.08368200836820083 0.07104444817312995
0 0.7890037544212426 0.9434214918935389 0.10963397619819543 0.09901989449454597
0 0.8674763310339838 0.9839847950314868 0.09847178519524587 0.0630995308505038
0 0.7063993860858279 0.5847260081755054 0.13913464327478287 0.10037023754058982
0 0.5407672570277388 0.7428443866941042 0.12970711297071127 0.0579398973753763
0 0.8873080748088725 0.7492502572864052 0.1431096131623044 0.08368200836820104
0 0.37900342374188256 0.9094707881959236 0.08786998025636368 0.07294532559069188
0 0.9671894376410357 0.5776497160485661 0.07867171442761012 0.0649535776245107
0 0.9722087448383282 0.19758812233547043 0.06876091479228699 0.06834030683403085
0 0.04820701116657885 0.2056050790966996 0.05412882298416034 0.03686833125542321
0 0.9517625921786645 0.7740239968225314 0.08863119041850681 0.04602510460251052
0 0.6282384104539872 0.9476299676029188 0.06276150627615061 0.04323570432357063
