0 0.6416476158773977 0.5497093545981473 0.18699548470111116 0.0848446328319754
0 0.7125280525218044 0.6104283269881536 0.1441800899909058 0.08680091852122944
0 0.8788049307439362 0.42715340338157587 0.14392867020363295 0.09251222357425641
0 0.9626666037060713 0.3319600595256123 0.14644351464435132 0.10181311018131138
0 0.5289695294203902 0.8178841446633202 0.17928732882812173 0.08507670850767111
0 0.3209354783372116 0.48173499441449974 0.12753415711636693 0.09629563601325174
0 0.5249055463322498 0.37953810505551056 0.10899479982611629 0.1672205552666394
0 0.1424349212515875 0.5247102772389458 0.13807531380753127 0.0892608089260812
0 0.33505485763516774 0.9788078891792326 0.1548117154811715 0.08041164060011381
0 0.5886202636345355 0.8785032306083909 0.13358189273775178 0.12443211864758291
0 0.8689901548790202 0.7566167066913839 0.17015341701534165 0.1227336122733615
0 0.7715305432830095 0.8927176475491432 0.12970711297071125 0.09178469642805284
0 0.3655971560058701 0.21134480077785878 0.1422594142259411 0.08507670850767096
0 0.5249301899228569 0.2927099303164018 0.11251056778749585 0.11474905109176974
0 0.6613038442688348 0.2999304029089394 0.08199311208106735 0.16757332784240148
0 0.7008793688617773 0.27163860867994494 0.14216590188380965 0.08089260808926095
0 0.23978035072121592 0.8428320438878244 0.15817261639532526 0.08593249556722495
0 0.38899923373683376 0.7342201102225022 0.11186920331760723 0.1129707112970715
0 0.04309479291205946 0.619129318780089 0.08618958582411869 0.07670850767085098
0 0.04496878669221553 0.4099781795818556 0.08993757338443106 0.08173239192191924
0 0.20023914994344177 0.24414601107497383 0.14923291492329138 0.11491526206977834
0 0.8897564654427842 0.1671088376129883 0.10041841004184086 0.08148542315712164
0 0.702630557574007 0.6141360372020248 0.12690211885569655 0.07265110795312389
0 0.08525232339525751 0.1823479402064305 0.126917712691771 0.10904127584730265
0 0.13524764944649761 0.23189434789060306 0.15899581589958126 0.09957853399206357
0 0.11165632929221919 0.7139376879865078 0.10790295607742532 0.10137709000127931
0 0.9723273313521544 0.574715066900573 0.10506495662469571 0.06956151009609178
0 0.5480558790880822 0.995131502162558 0.05790616754708905 0.07949790794979102
0 0.5212131497950225 0.9237517463925229 0.060499650718701024 0.10429246592881332
0 0.32341635030328697 0.8211519734414652 0.08620674756176411 0.07422147306439018
0 0.8423041915810322 0.7335957446354923 0.11157601115760098 0.06677835046796955
0 0.9569578927739297 0.9423692926267904 0.18549511854951153 0.05871045601041083
0 0.5823082674700886 0.07702810294011432 0.09500849716670351 0.07537561635852046
0 0.9066389005051902 0.05399653515784625 0.1659693165969314 0.08786610878661072
0 0.4887178495049839 0.8126001997140946 0.11145622180264199 0.08698405427115756
0 0.23882279248493926 0.7707506547927525 0.07916431784502458 0.07391910739191089
