0 0.23002101262327315 0.6435834424328083 0.10861917289006091 0.12068919288387482
0 0.5186968172201646 0.7883339083794632 0.21696574634201507 0.08916534980886442
0 0.19188829606106264 0.8702391427079186 0.10370370370370355 0.08843064932269157
0 0.8984868380573694 0.510040967445185 0.08148148148148122 0.08548926141887427
0 0.9141168011428635 0.705409213653509 0.07654320987654327 0.08641975308642005
0 0.3659725910531617 0.053359809099221014 0.1827160493827158 0.10123456790123452
0 0.24901572031047628 0.24737533939769013 0.14074074074074056 0.0987654320987658
0 0.5424232511611757 0.32896615624921915 0.09629629629629619 0.0740740740740742
0 0.576674382579621 0.7011424169714338 0.25185185185185166 0.08888888888888921
0 0.8850294493157114 0.3640487534090979 0.06666666666666639 0.06222090480931552
0 0.33514098011108395 0.9674878974645127 0.07160493827160493 0.1432098765432104
0 0.782321080437288 0.8353330435844777 0.09258196052926851 0.07742731783074673
0 0.6675511028861232 0.5408684454954976 0.1540537232931712 0.10370370370370414
0 0.8117699819090509 0.5578603464156366 0.10617283950617136 0.06913580246913535
0 0.5092835258634902 0.16577239343592506 0.13827160493827112 0.10325310269221706
0 0.7922630797978575 0.26229165271375177 0.09486527350241443 0.04377184380627532
0 0.1574259651759935 0.03732590057266646 0.1333345355385385 0.07465180114533292
0 0.95790704093749 0.7828126123371 0.05704123989747522 0.05044420576747903
0 0.13158148355065932 0.45394510310158753 0.15555555555555542 0.07407407407407415
0 0.3216674869794381 0.7103667351620092 0.13580246913580254 0.0938271604938282
0 0.054700233808693675 0.5298929517419556 0.05261572522599048 0.049382716049382894
0 0.6272000763915181 0.06854512972997111 0.07473771001175122 0.07256176596335874
0 0.4596586182833981 0.46114865904654906 0.10864197530864178 0.06913580246913589
0 0.6539796930302603 0.17403988010553884 0.0911449242209092 0.07218320309344967
0 0.16803357671497451 0.2337555506771988 0.04197530864197528 0.14074074074074117
0 0.0971818483083657 0.10457777015124943 0.12092827264311796 0.0733379805007592
0 0.09940034892108103 0.8091374511204702 0.1160493827160492 0.08041982295592581
0 0.06550067441083017 0.9135844603112682 0.06032919321837727 0.060875955787964925
0 0.31497113726937587 0.9447003658615664 0.06736789494255299 0.05183153649839731
0 0.9348019781168643 0.09379100968967359 0.07928246751305518 0.10040038814440193
