0 0.1656321231715964 0.45922646318534716 0.19725580520537003 0.09623430962343144
0 0.1370839152444085 0.5544375396260569 0.16013480438080574 0.10597166551826943
0 0.04543706141194729 0.7613425620017606 0.09087412282389624 0.05997210599721093
0 0.6747910451117876 0.27947534116785233 0.1554497292943647 0.09902370990237125
0 0.8972120986253808 0.04930937335278433 0.14097992956080196 0.09861874670556871
0 0.3002604865491996 0.30443069064348677 0.13110181311018113 0.09762900976290113
0 0.1536716389187557 0.1660730964133171 0.184100418410042 0.10041841004184138
0 0.5556922822316326 0.11215453708047156 0.10320781032078077 0.20638733772780468
0 0.4422139559771355 0.08873826908433045 0.07252440725244055 0.158329382088477
0 0.30458555198428877 0.031380753138075576 0.13528591352859118 0.06276150627615075
