0 0.7169627266383504 0.5028192100581731 0.20590804005400812 0.1147458548913182
0 0.9790589634568089 0.3829097202788104 0.06642147932285589 0.1134620728989418
0 0.7535197403396462 0.4241063457048796 0.17777564784786415 0.0758796344863608
0 0.892918073311471 0.258142282481034 0.16622111815359625 0.10599721059972128
0 0.5691629884310363 0.2828158970113219 0.13674575830299793 0.10320773512537622
0 0.5005766001181768 0.23109334885982405 0.1229305323306269 0.0697350069735009
0 0.5722181987355118 0.6550414706509063 0.21478382147838176 0.11016361312443078
0 0.38194489759931644 0.5442900125303888 0.13199121465108993 0.09991153354967582
0 0.5372418112046398 0.526249942261341 0.11854951185495094 0.07604522693484798
0 0.4990185916518402 0.358812640330429 0.1425414693084165 0.09344490934449118
0 0.1642795607612593 0.22782873929600883 0.14383088188289647 0.11153803049202175
0 0.08099193999269434 0.32627393216019945 0.09089206107782717 0.06862756504284519
0 0.23461538534668308 0.5762053523009476 0.11297071129707102 0.06555090655509081
0 0.7034891869816187 0.2551823762701141 0.10739191073919105 0.10460251046025118
0 0.9519014494477572 0.20783282093909655 0.12970711297071127 0.083682008368201
0 0.8381538980058149 0.36497426723202087 0.14225941422594135 0.10878661087866102
0 0.6432734397173147 0.21003030432203246 0.12970711297071116 0.09902370990237097
0 0.6369747312326531 0.20186843342620814 0.1102463588702654 0.07435185510039409
0 0.964830776486806 0.2277859141478099 0.11576011157601082 0.08926080892608158
0 0.2112577972020307 0.7801038549669707 0.19230889907439136 0.12552301255230172
0 0.34298423999637706 0.9077784127937466 0.10845696367052286 0.08368200836820092
0 0.2671227387655907 0.6546030895815299 0.25597985893448366 0.10652148859619624
0 0.4528033504517493 0.8506782621525426 0.17573221757322155 0.11348085205040986
0 0.7674645231489288 0.050906555090655836 0.10443368064983963 0.10181311018131103
0 0.6766036507512433 0.3910949693136979 0.12133891213389107 0.09623430962343119
0 0.8156788057400546 0.2239559889812531 0.10320781032078095 0.09762900976290104
0 0.19493880365958888 0.2274983448143324 0.20238519854660214 0.13309005622698994
