0 0.5111683849532329 0.5248582020001493 0.18107756104673448 0.1297071129707118
0 0.6665710601148921 0.6538631844286137 0.17050368876311578 0.14279553082566254
0 0.3408627711918921 0.9249028739422586 0.25363750233418064 0.22398472395654234
0 0.6883383371223719 0.30606680087795435 0.20502092050209172 0.14225941422594185
0 0.17947264227474138 0.31807253967575805 0.115760111576011 0.08228730822873111
0 0.15702348261657803 0.31888697624358986 0.12561642775464416 0.07949790794979093
0 0.8478647861964526 0.5104954437387084 0.08292077053443063 0.18131101813110187
0 0.038908813911502575 0.5392801257859299 0.0778176278230044 0.07742679874630923
0 0.6550882101796796 0.28914077519177395 0.13249651324965098 0.09915642921982261
0 0.8492715939193506 0.6122419282296135 0.08908914174398967 0.15574962983624477
0 0.8405413731704661 0.043933054393305554 0.12800826274297963 0.08786610878661108
0 0.4601258081211526 0.12074729748192818 0.17991631799163163 0.11715481171548132
0 0.7056531305057955 0.9732532391702492 0.22998641200219003 0.1706456535568455
0 0.5504111098426417 0.907704982800245 0.08926080892608068 0.1278112528966029
0 0.3230396118833022 0.2990070115608346 0.11157601115760107 0.08089260808926105
0 0.5070226104642079 0.04811715481171566 0.13668061366806133 0.09623430962343132
0 0.9755927475592745 0.36471408647140896 0.048814504881450595 0.05160390516039057
0 0.9107391910739189 0.3423988842398884 0.05578800557880044 0.05439330543933056
0 0.4849327386897879 0.3326347192705381 0.07561753285072347 0.06484150386573828
0 0.5302900645332669 0.27426934118075325 0.05934494835637396 0.061366806136680614
0 0.9442526230835757 0.0898112023980633 0.07112970711297072 0.05997210599721082
0 0.7966880789533773 0.33528939714782063 0.16207068384557008 0.05381713914718391
0 0.8855788005578816 0.19389121338912155 0.11771269177126992 0.0744769874476986
0 0.910534608705897 0.9923042728448945 0.185135055643528 0.052998605299860536
0 0.5717505566780705 0.019367451073924444 0.044079359385568576 0.038734902147848145
0 0.293321903356154 0.12538987608910188 0.09065550906555081 0.05997210599721089
0 0.8800557880055788 0.023709902370990292 0.06694560669456066 0.047419804741980584
0 0.9524753275952671 0.9834545377382939 0.08009867367882928 0.04323570432357036
0 0.6034355715708071 0.33802619422328256 0.16095999005989048 0.03958267477091806
