0 0.09254140877007028 0.6990141720997732 0.09680302569123894 0.11018131101813151
0 0.6873377802170895 0.7923651413571663 0.0686245260242571 0.09924683118206862
0 0.6469797081344391 0.12971186444277413 0.06468505672960075 0.2301255230125528
0 0.37865812811427113 0.059785820466731664 0.07531380753138067 0.1195716409334632
0 0.4496470798430885 0.29494446866730845 0.10460251046025099 0.09762900976290118
0 0.8133130109336502 0.6799177769530377 0.12094590554479315 0.1118799227141345
0 0.313726921242317 0.3703555282854765 0.09344490934449082 0.07948871341427914
0 0.4193140998144513 0.8259088433772996 0.09603298754612821 0.12085220886010446
0 0.42411220531272753 0.8430105153778159 0.11157601115760107 0.11157601115760135
0 0.30459397010554545 0.8048080541402001 0.11623571398085097 0.08926080892608113
0 0.2719138903817913 0.2136116178576581 0.118506705257647 0.142860449451742
0 0.12661625827479608 0.9021059620512125 0.087866108786611 0.09902370990237137
0 0.1993401458888714 0.37199577272831463 0.1324965132496512 0.1461065725730089
0 0.704192920671668 0.40300050059947595 0.14809666732147914 0.1311018131101816
0 0.8207210539482588 0.2889350048211242 0.135285913528591 0.06973500697350057
0 0.3616949874087082 0.5762948479122387 0.17573221757322152 0.09902370990237137
0 0.22434421030973628 0.9914261902057804 0.11276330963385982 0.07003880213595488
0 0.4958483275930166 0.9689489847005348 0.13389121338912108 0.085076708507671
0 0.8542225711312486 0.535359349174098 0.08906664096559283 0.10641946642797989
0 0.684364188483094 0.17606826693460728 0.1032078103207808 0.07419777014871154
0 0.9589685289343949 0.4399970850467085 0.1108562409077329 0.10181311018131138
0 0.8373764386351901 0.4293203740886831 0.1589958158995812 0.1059972105997212
0 0.4824196603206078 0.19766446670816917 0.15606342670089907 0.11854951185495151
0 0.8843774106618534 0.1600829046128691 0.13389121338912116 0.08926080892608107
0 0.15591141247427714 0.13632125226399883 0.14831317530027488 0.10957821173941702
