0 0.5942369196273205 0.5576191152199667 0.1836843152983244 0.0873478778835866
0 0.43321714409915496 0.3693530293488073 0.2321867932924474 0.09372995910742428
0 0.7784629855231066 0.6666322232783876 0.1576011157601114 0.08786610878661087
0 0.6687796574103095 0.6216897313025166 0.19510601309588757 0.07791566280185527
0 0.4489979175025311 0.09411360119218214 0.0585391948950156 0.11994421199442068
0 0.5008520400327392 0.5867287389571563 0.09902370990237079 0.08368200836820104
0 0.9811352868885619 0.13234739279245053 0.11319429275162167 0.09902370990237085
0 0.7945363671270649 0.06139371876074227 0.11715481171548107 0.12278743752148445
0 0.7118673233110671 0.1547343206109901 0.1255230125523011 0.13548224882375381
0 0.8689041994221413 0.18883671352739642 0.10834908159137377 0.07249537617828339
0 0.8011234801538336 0.4208389727238851 0.12304549217852111 0.06462828893683975
0 0.8586367370141654 0.7267656780903198 0.1715481171548115 0.08760494718695014
0 0.915715347562411 0.8228251746730751 0.180207642893328 0.08647140864714103
0 0.7976092836853076 0.9356784542153902 0.13668061366806133 0.10041841004184134
0 0.29639994214012577 0.3375158310255381 0.1483841548192616 0.09617051492906964
0 0.1563139478791238 0.3880928169831072 0.12970711297071125 0.0948396094839613
0 0.21766734149114314 0.17285883241860586 0.13994988553349724 0.07252440725244086
0 0.27382386593305835 0.5122911410545578 0.1350770560891154 0.10723500841200216
0 0.5916390197004726 0.04426421962808732 0.1355512723118635 0.06415620641562088
0 0.3060698080348946 0.9143888020980071 0.20662379117392013 0.07469040712371952
0 0.1172969149895771 0.5675007474025398 0.10819887320138016 0.072524407252441
0 0.20514582284692437 0.8345108050547713 0.17725035879570344 0.12475639122480608
0 0.5053744654888248 0.4827216742752388 0.1650233128814806 0.06780048678814127
0 0.2006419102196925 0.8712597863188026 0.1539792507567632 0.10655944601478204
0 0.7393530193995947 0.8504881403552019 0.12412831241283079 0.08054240652967706
0 0.04044630404463043 0.7168758716875869 0.08089260808926085 0.08368200836820087
0 0.050209205020920515 0.9623430962343097 0.08368200836820087 0.06415620641562071
0 0.8701476062936276 0.5230932319273561 0.08926080892608096 0.07391910739191121
0 0.8999585666246973 0.33743283100170124 0.10181311018131088 0.07266458167836602
0 0.5574897779505267 0.9742385263801048 0.07179486023148368 0.047862721275428316
0 0.9407252440725244 0.3919107391910739 0.10181311018131112 0.08089260808926085
0 0.7282268346544402 0.3786666827104336 0.17121247647798776 0.09902370990237098
