0 0.9184530766629557 0.5412942581803837 0.18828451882845168 0.07810320781032087
0 0.8502970790537264 0.5968689906865732 0.17015341701534153 0.08564657760908022
0 0.8416261415355833 0.896123431593563 0.1297071129707111 0.08228730822873058
0 0.8947001394700145 0.9790794979079499 0.043235704323570434 0.04184100418410028
0 0.5197873217762213 0.08561406497349572 0.09094956885339534 0.09369399936973039
0 0.42288220894597167 0.11902933672165945 0.09344490934449082 0.085076708507671
0 0.2813640859804066 0.14687912797439445 0.09226630643113824 0.08923455967775623
0 0.31104774968835014 0.26732423228046437 0.09623430962343074 0.07810320781032071
0 0.03417015341701532 0.4379358437935842 0.06834030683403064 0.09483960948396021
0 0.21412459902174255 0.2969368275694175 0.095578201363485 0.08368200836820124
0 0.18525989514029384 0.16876586978031954 0.08553996270396301 0.07670850767085084
0 0.08902765567463206 0.19486378950834365 0.08786610878661082 0.08647140864714097
0 0.2638180286564387 0.05453324351567389 0.08335212232898134 0.07853676699876087
0 0.40551899490576376 0.03181709319431774 0.054393305439330325 0.05363037428101105
0 0.5027894002789401 0.01603905160390516 0.0627615062761506 0.03207810320781032
0 0.0470251233365255 0.09073450503671504 0.05020920502092045 0.07391910739191075
0 0.03556485355648537 0.020920502092050194 0.06834030683403071 0.03905160390516036
0 0.951792767455705 0.4689884204628938 0.12384446399205826 0.07252440725244093
0 0.8605095930826567 0.41567841421231255 0.08089260808926063 0.06973500697350078
0 0.9294738998044731 0.4038493889805285 0.13110181311018143 0.0703997494940344
0 0.9404758268942982 0.8162508016980735 0.1966628999582606 0.09902370990237117
0 0.6944653718233107 0.7247784777965856 0.24588584299296273 0.10495713993617649
0 0.0759807920663774 0.31322730970693197 0.08226706453890531 0.03486750348675052
0 0.5794604327661281 0.8134628827503039 0.15899581589958153 0.09643501840704605
0 0.49023709902370993 0.970013947001394 0.09344490934449073 0.04323570432357027
0 0.6686766036290215 0.9179682324508107 0.0892608089260806 0.09007548420483305
0 0.7656076532805457 0.6610177271821395 0.24051447682496352 0.097629009762901
0 0.9549504618404139 0.8309932935083876 0.07519128902267068 0.04602510460251067
0 0.9561878968303218 0.7172111972165881 0.06973500697350057 0.04463040446304053
0 0.09099456793528717 0.17106072973761005 0.09009695119689835 0.0459707812651843
0 0.7035087220592706 0.6194539678350026 0.09483960948396103 0.04323570432357065
0 0.7930146693253363 0.5154659173190774 0.06694560669456072 0.04602510460251058
