0 0.7529391151063948 0.6479780653734845 0.07670850767085066 0.21896792189679246
0 0.3565001069702224 0.82015013550186 0.1455216687285077 0.18874924423391237
0 0.5148577628945028 0.8531563989775424 0.1101813110181309 0.21757322175732238
0 0.6630702204952876 0.7673263962004679 0.0897974008858545 0.13198771878261173
0 0.6971802859231169 0.7228997646951071 0.07949790794979068 0.2351989928859609
0 0.838270492809354 0.8372159771141199 0.11893217409539107 0.07067014138377156
0 0.07112970711297067 0.8897608633967944 0.14225941422594138 0.21478382147838265
0 0.3426084574609069 0.951689735329988 0.06973500697350071 0.11436541143654128
0 0.7438905295239526 0.9183133544986837 0.09762900976290108 0.072524407252441
0 0.9737800649225073 0.8038789374943234 0.04945733382499989 0.13528591352859204
0 0.7005921822626305 0.5443092765252934 0.0990237099023708 0.06834030683403058
