0 0.5154621261100241 0.5288321985715554 0.16656813715557772 0.11157601115760137
0 0.63933937750733 0.37071603162490985 0.148509647698336 0.1018131101813111
0 0.14223341010135804 0.6182911668953742 0.19459692204836024 0.14069613767822045
0 0.7208542985930841 0.7160016748847913 0.10757074899744663 0.08089260808926114
0 0.333776175683146 1.0491370309962644 0.19246861924686084 0.11793000526653347
0 0.7930369499789266 0.44969868476860314 0.25980209267482984 0.07979377105739749
0 0.8321435808087742 0.07799156413247696 0.21080196734460452 0.12179047524101866
0 0.8721945429329471 0.5512042090838595 0.12326773700552557 0.06402188339567265
0 0.7266199771319449 0.8460555598370273 0.1492329149232914 0.10599721059972128
0 0.44388532568437133 0.6233133274537174 0.14517475641400235 0.07531380753138091
0 0.6233536957375518 0.9266977066058455 0.08164385113399146 0.08006404979234741
0 0.6704643756592441 0.3909539395431814 0.22503313473485873 0.1453789968946997
0 0.31645393250392556 0.3679791113817522 0.18659688293004703 0.09902370990237117
0 0.5950042800488524 0.41267637544081326 0.28474165079388053 0.11380874642623855
0 0.7062330994907725 0.847487398608316 0.13110181311018113 0.07391910739191092
0 0.9298139206162144 0.6163542372593045 0.1394700139470012 0.08786610878661104
0 0.4801952580195256 0.07294281729428181 0.2242677824267779 0.11994421199442142
0 0.39928251118850994 0.2839838711031176 0.2001445738205672 0.1144144186104341
0 0.1675583849164159 0.38799725046258776 0.1195832081865593 0.06555090655509088
0 0.3877222625532445 0.703360669086275 0.14815953488284136 0.11436541143654148
0 0.496089025431367 0.9930554363156757 0.10776734445503781 0.05828199251601405
0 0.9281496761176139 0.8876331950511037 0.1394700139470013 0.07670850767085079
0 0.976339800116512 0.8031491643564579 0.08847433754180756 0.08649837779031615
0 0.8763433828493953 0.6946587417360803 0.15542547780969762 0.11172022408150205
0 0.83188774076624 0.8190654875751986 0.10599721059972086 0.09229179353125402
0 0.7582029013939369 0.989395518935829 0.08632822934651005 0.06276150627615058
0 0.9314676283790113 0.4537172842226749 0.10460251046025089 0.06555090655509085
0 0.9137970101060953 0.5888685086716262 0.10181311018131103 0.06136680613668069
0 0.7872416635777533 0.6255024844829 0.09450119848379489 0.0669456066945607
0 0.1150976682766342 0.8592691281541848 0.20506751581356458 0.07112970711297098
0 0.1227681501061899 0.030101027318121948 0.09907331558087168 0.06020205463624388
0 0.10064109413825789 0.9124048802257889 0.12022065046161626 0.05076251965045699
0 0.4252573868810359 0.1965099765644524 0.13714060432043151 0.09344490934449129
