0 0.4172083835161587 0.8196753517574292 0.2873082287308227 0.11944124243164295
0 0.6051545503290245 0.5815653872308633 0.3037495857666138 0.12772657616679825
0 0.8082445127330148 0.9934509485921807 0.2335667665115862 0.08228730822873079
0 0.6844257115518796 0.9630082552747797 0.2367567473431351 0.10041841004184127
0 0.8046306937033083 0.4899017538668704 0.18444241258999095 0.1229387941138162
0 0.7278568495500235 0.5323936013675518 0.1265519061257334 0.10599721059972132
0 0.5243738518418986 0.8395250934014774 0.2328630951321329 0.08450616712298215
0 0.5961109886715301 0.8363714114858827 0.12273361227336105 0.07670850767085068
0 0.33995270379244824 0.6506569789943829 0.16736401673640153 0.09205020920502113
0 0.24810744570200277 0.5563201455280157 0.1004184100418409 0.09205020920502094
0 0.11880068268500939 0.5533563251855678 0.13134887354577277 0.0730208277555344
0 0.1948195438480386 0.44328726253095657 0.10595948714401154 0.05997210599721058
0 0.26084994667322925 0.35298219706292516 0.07301665436048872 0.058577405857740586
0 0.07586407473023522 0.49030640529502656 0.15172814946047072 0.08381469791385059
0 0.1596124673107356 0.3524220993875335 0.13545062443740127 0.09737907479412129
0 0.26329623095408633 0.17242221048313675 0.08964675161705334 0.17154811715481202
0 0.20493093496029696 0.22932317468188035 0.07670850767085073 0.14783821478382195
0 0.499706557183978 0.211972565131155 0.14345582933232473 0.1434583185149102
0 0.766973454828362 0.2805947803806572 0.1492329149232913 0.07753361020848872
0 0.5247452809999594 0.42950533922402095 0.10878661087866101 0.0506381620736525
0 0.9019657424830823 0.2557346630424172 0.11576011157601084 0.09762900976290091
0 0.19834818501171805 0.7601044252539764 0.23709902370990218 0.11355138538626006
0 0.33302981094118417 0.8874439313331428 0.14365411436541128 0.07130121394479914
0 0.13104542288556043 0.30351131862552205 0.2525411571147359 0.08507670850767093
