0 0.4144072683514365 0.8167787352178641 0.20641562064156183 0.07670850767085095
0 0.8356204026442525 0.5075472852510877 0.13110181311018124 0.09344490934449111
0 0.877689755353047 0.4430872891385249 0.07670850767085068 0.05857740585774061
0 0.48953443613645575 0.7879511368403 0.1647766918418428 0.07391910739191088
0 0.07920000463219436 1.008116339058133 0.12970711297071105 0.08647140864714116
0 0.25090931863708943 0.47724671309145594 0.0906555090655509 0.09370693688635512
0 0.6138075313807531 0.1278940027894003 0.0683403068340307 0.05997210599721064
0 0.4909666563879009 0.7036690183997207 0.156104426984382 0.06750843866992864
0 0.2469330972892049 0.7414728841992202 0.13110181311018124 0.07949790794979113
0 0.5383288897510999 0.5584493341218759 0.1338912133891213 0.10460251046025103
0 0.47111863623242095 0.6371505322802354 0.10144314497802015 0.056984817569791485
0 0.11053994655140542 0.5620668115248815 0.1514859198922933 0.09154873851415386
0 0.7205866346648443 0.7306015062133642 0.1226366175425008 0.11653713923666817
0 0.9100274432329877 0.9433965778673865 0.06973500697350067 0.05578800557880055
0 0.027894002789400275 0.19665271966527198 0.0502092050209205 0.039051603905160374
