0 0.6143563489003623 0.5535186345620683 0.10223771382461805 0.16606763983299414
0 0.4897069325886882 0.7298413589610824 0.14765889071699043 0.08796775192024885
0 0.400891147011346 0.3428087638869776 0.14015481833363128 0.06694560669456065
0 0.8712975668093895 0.148821330654967 0.14232453974767878 0.09538498293056578
0 0.723436935568446 0.2703983778723027 0.09205020920502079 0.05718270571827077
0 0.6649091343419853 0.327974902805907 0.07649357002135722 0.06555090655509087
0 0.952640145446003 0.49714432439583184 0.13947001394700134 0.09762900976290116
0 0.9065146975516041 0.5845831668769288 0.11794922265698152 0.06843001327655669
0 0.9347682138764669 0.7185901381789164 0.09041827785451931 0.05812217410476336
0 0.7219915813293406 0.8518412143212986 0.12173527319289228 0.10320781032078101
0 0.6368611917019613 0.9930024641076087 0.16241488249478528 0.05452465036174546
0 0.25992042773069907 0.6442695385301498 0.11715481171548113 0.06973500697350074
0 0.10253934103472753 0.8654440335104452 0.205078682069456 0.06493181063704825
0 0.7123042104304302 0.03494657169210459 0.13995992060039245 0.06989314338420946
0 0.40697820073964336 0.7854066974715959 0.11018131101813099 0.05666607081534989
0 0.3470275969767444 0.8396304597880392 0.12273361227336119 0.1115760111576014
0 0.14115107547064457 0.520541034953079 0.12473504720020129 0.055788005578800724
0 0.6323276479255938 0.5047151249371169 0.11157601115760107 0.07252440725244086
0 0.45756383922792737 0.3806413213012785 0.13555267395414652 0.09623430962343096
0 0.5526586014210786 0.4171984460688333 0.16033470378966436 0.08368200836820115
0 0.1724148610743786 0.21476085855802599 0.16178521617852124 0.10152988684692806
0 0.5135036413244727 0.11944685720698078 0.08926080892608076 0.09065550906555103
0 0.4096424783000316 0.6023164672947999 0.14764553552008092 0.11715481171548163
0 0.35917997421401504 0.37394344336599583 0.07983324808618641 0.12270811928648867
0 0.9046866297138452 0.08068971055899178 0.13947001394700112 0.06515005919175787
0 0.7615817797051818 0.3529841201066028 0.11157601115760084 0.094536063285789
0 0.6626311943110486 0.7381760725534053 0.13148585656321773 0.09436410260280258
0 0.8153131993748386 0.487513231828593 0.1250021953015188 0.09454145143225431
0 0.28682108422395836 0.6544907227062837 0.16691323597316032 0.08368200836820101
0 0.924301716626369 0.357925815766599 0.06321974724945306 0.08853067871351271
0 0.35926489293614955 0.5260288693529033 0.1512482251805256 0.08528970764759909
0 0.9393305439330544 0.38354253835425395 0.12133891213389106 0.06694560669456073
0 0.8401625688846376 0.24499675015361722 0.13355410425826203 0.08242699164140221
0 0.8689953738482497 0.8617880085213467 0.12691771269177143 0.09483960948396118
0 0.7987007529508656 0.7572153182730781 0.09798458532296506 0.09986374482344611
0 0.7761506276150628 0.9721059972105996 0.10739191073919102 0.04741980474198029
0 0.5584766051607045 0.18378658597366873 0.11854951185495097 0.061640330395094034
0 0.15241685433354152 0.6093943222465874 0.10572330225449779 0.0725244072524408
