0 0.27827644412278973 0.34994423745724523 0.11246437065807534 0.0892608089260813
0 0.5340878861415095 0.35654799348933575 0.09902370990237096 0.08368200836820107
0 0.5583089210619755 0.188902829056412 0.10320781032078095 0.08228730822873105
0 0.4488371335423097 0.2306514424385121 0.14335397021682075 0.08926080892608113
0 0.8692336198415411 0.39598902906640226 0.18496999371778697 0.07544515701959527
0 0.7857690587423124 0.37424773903626646 0.1722871043663392 0.07949790794979107
0 0.6640376455153969 0.3157588256536885 0.11071617044816132 0.09065550906555117
0 0.6455848192931621 0.684021197402729 0.12691819382090502 0.07316830651378675
0 0.45074793188151463 0.6375134469867012 0.1004184100418409 0.10345407170524207
0 0.806136680613668 0.9553695955369593 0.11157601115760116 0.08368200836820094
0 0.9437169124137984 0.41041402290696594 0.15062761506276132 0.06973500697350077
0 0.9302039283483451 0.237327706801073 0.09344490934449079 0.0691002814168024
0 0.6952185468803451 0.032525459856319675 0.08605036709560288 0.058577405857740475
0 0.910041841004184 0.03277545327754533 0.07391910739191075 0.06555090655509066
0 0.2545391312142072 0.10875052333839813 0.07869505456656219 0.07193398025912136
0 0.26837237538888387 0.03114046734310171 0.08349229130296822 0.06228093468620308
0 0.4032597680396276 0.31409796302049137 0.15533989179803628 0.10475414500591215
0 0.8856994688392643 0.5531920489553693 0.08228730822873065 0.05476551423710139
0 0.8838770635915607 0.7428237538986889 0.10181311018131084 0.08368200836820114
0 0.8101111260664544 0.6999087918934425 0.0864714086471406 0.08369830591391753
0 0.7210886615744534 0.8805418421870548 0.19176968617326934 0.06555090655509088
0 0.6663713038648903 0.7921840845674057 0.13759415242308784 0.05997210599721057
0 0.5197223926463047 0.7848582672011213 0.1455562892908694 0.09065550906555109
0 0.4747934175507055 0.7838768516156237 0.10041841004184078 0.054393305439330596
0 0.32861906243566463 0.5196098330608937 0.10041841004184086 0.06415620641562077
0 0.39638932674302674 0.6336478039139374 0.17726540500111965 0.04043814707119449
0 0.16761346352388606 0.42532980835406675 0.13849885584807417 0.09762900976290152
0 0.16037974788560688 0.036959553695955515 0.11576011157601102 0.07391910739191103
0 0.03626220362622037 0.3117154811715481 0.07252440725244073 0.05439330543933049
0 0.10139470013946943 0.7488145048814502 0.16875871687587155 0.11854951185495138
0 0.059972105997210506 0.6596328045107217 0.119944211994421 0.05020920502092059
0 0.03207810320781032 0.5160390516039053 0.06415620641562064 0.05299860529986034
0 0.6555090655509065 0.9700139470013945 0.06694560669456065 0.05997210599721032
0 0.9320858533728855 0.6237870726552491 0.11546798981973852 0.07814187192241787
0 0.9748953974895397 0.706415620641562 0.05020920502092053 0.04323570432357045
0 0.41130693625916964 0.20244801278201166 0.1645746164574615 0.04463040446304053
0 0.5571827057182704 0.02231520223152022 0.04881450488145056 0.04463040446304044
0 0.5882241295464237 0.9878020814376737 0.1346887527324651 0.051103880859596135
0 0.5608089260808918 0.9305439330543931 0.09623430962343091 0.03905160390516059
