0 0.15313677284651958 0.6107978222255778 0.15899581589958126 0.11297071129707124
0 0.37488996391940993 0.3736539027378387 0.14956640755977857 0.15739661955232398
0 0.4692614818667188 0.7303412976445657 0.16151105767277052 0.08089260808926092
0 0.5169085426315881 0.20126662630722214 0.1645152884341689 0.10041841004184128
0 0.37334136161474035 0.35015157796747026 0.09762900976290081 0.06273826057910442
0 0.6555837146136599 0.8179187467476177 0.13362530210781257 0.06136680613668057
0 0.8551803016813833 0.6577916498668099 0.07391910739191059 0.06395878451109491
0 0.08167002141404295 0.47218114586973337 0.1553545770212587 0.044039558269393105
0 0.4337517433751743 0.02859135285913526 0.0725244072524407 0.04044630404463035
0 0.07722800047705176 0.10555795186035993 0.09300460510690868 0.07112970711297095
0 0.7255356631638666 0.8013909952047242 0.05997210599721045 0.037204713012099926
0 0.3257467557531369 0.21514938873352452 0.07810320781032072 0.05718270571827064
0 0.10637525725702086 0.4820909830470405 0.09002839342390524 0.03457621492751185
