0 0.9549865803030839 0.5788855733397407 0.14785887700810946 0.0927114003822514
0 0.8940903616024147 0.6704525092569743 0.15202231520223153 0.1087866108786613
0 0.765672619251111 0.8279712253132785 0.15180950588689726 0.09926705758960909
0 0.5625046099181465 0.9543053681171121 0.12552301255230114 0.08089260808926109
0 0.5919401782610852 0.5412688469083712 0.10648176061826044 0.06136680613668071
0 0.5364825302671089 0.5042349324745833 0.1138657791756664 0.05997210599721068
0 0.4880129188646016 0.45913575318580674 0.10599721059972086 0.054393305439330755
0 0.6806267281622282 0.35316381343414377 0.14086471408647136 0.10785191007402489
0 0.4208189714404122 0.42178683876398715 0.09205020920502069 0.0627615062761507
0 0.3798250110410307 0.37112137407899426 0.09204215093067467 0.05718270571827068
0 0.32188902989554385 0.33800356431896394 0.1059972105997209 0.07698019731403243
0 0.46179337420178973 0.1831936588906489 0.146526977887651 0.11576011157601189
0 0.7864892446546833 0.19759851141700419 0.09014327047317894 0.14753629416867686
0 0.03835425383542532 0.1338440313884745 0.07670850767085065 0.14003739000545368
0 0.8710989157585485 0.2309655616059321 0.11325707524275902 0.07456806517313674
0 0.6237534524542067 0.9883246755830997 0.1128300696077906 0.07810320781032094
0 0.5631133464010294 0.03860976379789369 0.09070837921920395 0.07721952759578776
0 0.5481171548117155 0.10195258019525781 0.18326359832635972 0.10041841004184135
0 0.8868125498402313 0.5276540865308184 0.11150807047880494 0.06240701053843124
0 0.8034874564113343 0.6289540919973237 0.051603905160390526 0.11085169764716808
0 0.7016761093690659 0.24258709352057062 0.07674019563771049 0.11579194897876546
0 0.7324345881810385 0.036109108739577615 0.036984969009538356 0.07221821747915519
0 0.38807004049044486 0.13215395061939042 0.11708915037192509 0.08507670850767114
