0 0.4636378863922315 0.9154644538790947 0.13389121338912113 0.08647140864714103
0 0.6104767584763441 0.8772006973757304 0.14342951244670954 0.06666966417606608
0 0.7711229526162319 0.9431880497905226 0.21391804669571696 0.07504784147420121
0 0.8268819650354956 0.9810876161354145 0.17630906012318515 0.05644760306575851
0 0.8669768576030953 0.986307120003551 0.10793886927749417 0.06276150627615085
0 0.7343354270821904 0.6802753210120046 0.14923291492329133 0.09344490934449101
0 0.5841064071367053 0.6383084200101075 0.10041841004184078 0.07189261082601407
0 0.29965688002285057 0.38031416303129717 0.08786610878661087 0.06834030683403074
0 0.4304355089487087 0.5608381137306719 0.07252440725244065 0.06973500697350087
0 0.38831966057506945 0.7928653236413216 0.07832660301627963 0.07372207462531909
0 0.3276374345106162 0.9349020665720592 0.07949790794979072 0.06834030683403078
0 0.11459562640274527 0.9842261407808363 0.08368200836820075 0.07949790794979095
0 0.1488544450184862 0.8243296875920676 0.15053899398148637 0.07316610950687509
0 0.25739822004779667 0.8118752442843211 0.17309753600478875 0.08228730822873086
0 0.18782677660062552 0.5246564637352962 0.13647434928547345 0.07810320781032094
0 0.7128724932612818 0.3797237204187225 0.11576011157601104 0.08786610878661104
0 0.45031071914119003 0.46958170009535954 0.17039869479043634 0.08786610878661102
0 0.8099710447736926 0.11681415162770994 0.19246861924686193 0.06247950632052092
0 0.8768475189615994 0.061045365959065095 0.19960152298821374 0.08563419602601399
0 0.5057292409221286 0.2799446057963514 0.15620641562064147 0.07238520479305893
0 0.4451873502254153 0.17830698687395055 0.12749435313941068 0.06694059521009901
0 0.2391863155032189 0.25159601308559 0.10646263062853123 0.04806136409275739
0 0.9386331938633193 0.9693165969316597 0.06136680613668075 0.05020920502092045
0 0.31568377537523945 0.10587691641617726 0.11844071456992238 0.08092458793788841
0 0.6611000841163002 0.469295636605532 0.0898375239165631 0.08228730822873075
0 0.18818733674685567 0.32908087121157314 0.0822873082287308 0.06415620641562063
0 0.26304828444192485 0.46218827099362414 0.11854951185495109 0.08926080892608101
0 0.9064545162655672 0.37020322102620346 0.10460251046025086 0.1032078103207812
0 0.6826685088267851 0.9080155709833341 0.1637631677836286 0.06536927514423908
0 0.6206415620641562 0.9658298465829848 0.0669456066945606 0.04602510460251039
0 0.34246016575534854 0.7606414751259656 0.1087866108786609 0.06555090655509077
0 0.04750747273240795 0.7503788888958225 0.07949790794979078 0.06136680613668075
0 0.6344354519691531 0.5638408677537428 0.09283380861024719 0.08132831334087676
0 0.5098435045596863 0.6764444194379383 0.16926784739371814 0.05752430796374594
0 0.15809047706385912 0.38737829070401003 0.09344490934449076 0.062010176886630936
0 0.21148723042030085 0.06959528050321923 0.1059972105997209 0.1293160576615282
0 0.9320354482099624 0.39636315449810633 0.13163661162653462 0.07198960873608702
0 0.40737766324709745 0.381055913990198 0.1366806136680611 0.06415620641562077
0 0.04602510460251045 0.9776847977684797 0.04463040446304044 0.03626220362622035
0 0.5634588563458857 0.9846582984658299 0.041841004184100396 0.03068340306834017
0 0.5338362712151385 0.327008280365758 0.0850071900711308 0.08228730822873107
0 0.3472803347280334 0.042538354253835425 0.0725244072524407 0.06555090655509066
0 0.7837101000661577 0.22638447190574237 0.1004184100418409 0.08089260808926106
0 0.4215186148724506 0.9018913592479759 0.07112970711297065 0.04044630404463037
