0 0.46669348387570947 0.754962996604908 0.20781032078103187 0.11157601115760134
0 0.2961541954844188 0.5812792409996612 0.2460272399272706 0.11436541143654098
0 0.40608228542427144 0.8452437194459967 0.1785216178521617 0.09623430962343114
0 0.9053390742288756 0.8635579393324986 0.1617852161785213 0.11715481171548146
0 0.9648036952500233 0.7883139072138451 0.14225941422594135 0.11157601115760132
0 0.21967659456015504 0.7098397938047463 0.23479262424693417 0.09623430962343126
0 0.16163503788307515 0.7974361295186845 0.18451087110523265 0.0876763637863339
0 0.06624825662482572 0.9511854951185496 0.13249651324965142 0.09762900976290098
0 0.18044564665669965 0.1436318668353181 0.15192457439289683 0.09902370990237117
0 0.2574337544335805 0.07370881329215948 0.14357948951589794 0.10041841004184131
0 0.6246561068894019 0.22159207925941957 0.16039051603905144 0.12412831241283152
0 0.9379367939804415 0.2172689904992494 0.1481370827932062 0.11796807865364851
0 0.9607742325887539 0.8055159835590229 0.11715481171548095 0.09206761033643286
0 0.9055657886497146 0.3192733293472818 0.21680862394562125 0.11436541143654151
0 0.8099006247395694 0.40046467467266017 0.14365411436541145 0.08778376399638896
0 0.7466854398447849 0.47459957826171545 0.15062761506276126 0.10926241802799584
0 0.651538042019059 0.23912021970206432 0.18676906222899398 0.18367021448998833
0 0.9538022556739246 0.09797798456137206 0.14069032777868715 0.0724447461049315
0 0.812412831241283 0.0376569037656904 0.1157601115760113 0.0753138075313808
0 0.3679264428732847 0.5319438766562213 0.2024974040824474 0.09375441842182665
0 0.5330114920288698 0.6771455811327285 0.2160958771509483 0.10599721059972163
0 0.5957861169907284 0.6021932287823766 0.20864378840378828 0.09483960948396114
0 0.41175901671863435 0.48026843307307354 0.12691771269177138 0.09205020920502102
0 0.4610787036917275 0.2500633226551525 0.10016452760415012 0.07391910739191083
0 0.4978919194982089 0.35084913247697586 0.24686192468619234 0.11464816293117627
0 0.6726045360833762 0.5310441164662365 0.20989606790670834 0.09902370990237125
0 0.11374210437853581 0.23420846713016524 0.13456645615528734 0.07923602401643659
0 0.8172362264849415 0.8576312220703056 0.13110181311018115 0.06973500697350093
0 0.7322175732217572 0.9630404463040446 0.12831241283124123 0.07391910739191075
0 0.2764020251606753 0.23074205520583124 0.1338912133891213 0.08031815502657923
