0 0.47671456825130093 0.7603839779486486 0.11715481171548113 0.1603905160390515
0 0.8433207940489699 0.30560439619482455 0.16457461645746133 0.11157601115760124
0 0.7718850210643065 0.37323649294687433 0.19246861924686157 0.10714378403951225
0 0.7085265626942939 0.4952471419664778 0.13252770622778132 0.1018131101813114
0 0.6427765468714252 0.575384901398056 0.12412831241283079 0.10599721059972124
0 0.9296285537647059 0.8118906704750936 0.1318625566386735 0.11436541143654148
0 0.8634198528307537 0.8901466599170543 0.12331404878714046 0.1129707112970713
0 0.962680192922455 0.7336475808296544 0.10724134758139754 0.08077548698455762
0 0.4408645126991519 0.4080726829527908 0.1363767744185114 0.09344490934449129
0 0.5156117281473201 0.7351584199136332 0.1478382147838212 0.11442332918690613
0 0.5796207396043761 0.23427381941363623 0.16457461645746124 0.10867697782223792
0 0.643745229436076 0.15410428555735908 0.15760111576011127 0.0927682948830334
0 0.2076508005944311 0.7396917026324031 0.1737843438820118 0.12412831241283159
0 0.23307381291633422 0.5213186347840676 0.10320781032078095 0.0836820083682012
0 0.5044998238210361 0.3224433892216419 0.14208778600381092 0.10323985458648614
0 0.4444551277533998 0.8187090882507883 0.1562064156206412 0.07921310713889042
0 0.3367555846099289 0.9154714288256944 0.10460251046025086 0.07391910739191083
0 0.543577053271946 0.8994236750005226 0.12273361227336091 0.07571404164345112
0 0.6667046241976504 0.7339709764579783 0.11018131101813099 0.07531380753138078
0 0.6002170102074886 0.8110728332705109 0.09512039211099385 0.06973500697350074
0 0.14991016578699135 0.18358783523410074 0.13809118667050993 0.09902370990237135
0 0.22302399943215395 0.10220058802690582 0.1520223152022313 0.12412831241283145
0 0.29441403573473035 0.039016766189492694 0.09116644809454771 0.0780335323789855
0 0.36533922655101586 0.09711493939331348 0.07997506959136422 0.05646974116125169
0 0.8690616073808463 0.19015441266019922 0.15202231520223147 0.12412831241283148
0 0.774048984598555 0.11792893804798632 0.09522935061978911 0.08507670850767075
0 0.9556621049117472 0.24947976186969142 0.12552301255230078 0.042054984994764656
0 0.6888165730947696 0.9934643597056501 0.16596931659693145 0.08720522028535818
0 0.11853957583596646 0.6780863484683688 0.13110181311018135 0.06834030683403092
0 0.2820009210656502 0.6529020434676132 0.23211533214118732 0.0794979079497905
0 0.3413687580585571 0.5549922985807613 0.1785216178521615 0.08535068364248173
0 0.41065110183633025 0.4985430555188618 0.17712691771269123 0.10283619187167103
0 0.6163169440082664 0.4643347729116879 0.0705886597947528 0.08277388626480944
